1,191,87,192,335,207,69
2,112,207,187,163,150
3,168,223,144,100,115,222,169
4,228,143,214,183,245,234
5,200,114,131,92
6,258,225,184,75,130,191,233
7,466,374,322,130,122,311
8,161,226,116
9,99,126,155,126
10,176,141,228,151,198
11,112,83,213,99,94
12,141,111,177,275,144,144
13,96,161,234,83,135
14,291,191,233,157,45,114,213,134
15,241,122,51,169,150
16,151,177,94,157,132,69
17,198,187,216
18,130,104,156,106,233,193
19,108,92,172,266,197,156,166
20,145,150,222,150,208,126
21,176,96,100,252,141,153,249,207
22,216,140,761
23,153,144,136,267,98
24,267,131,275,190,155,133,295,248,363
25,177,266,183,203,233,226,259,125,190
26,144,338,233,291,83,78
27,64,137,150,76,125,193
28,162,136,295,298,44
29,133,78,100,162
30,197,189
31,193,129,191
32,130,263,168,51
33,69,200,348,235,466
34,111,131
35,126,35,176
36,214,140,94,203
37,197,183,106,183,114
38,335,261,194,197,81,128
39,62,121
40,91,112,113,184,110
41,65,111,132,37
42,322,119,348,242,148,258,338,223,263
43,316,139,100,78,112,177,228
44,224,187,249,98,363,243
45,35,155,208,195,316,141
46,76,163,224,327,261,192,105
47,188,96,150,227,197
48,311,241,145,99
49,252,218,83,245,266,111
50,82,81,203,91,75
51,82,128,207,200,242,122
52,150,216,44,314
53,161,259,253,75
54,69,114,99,157,37
55,150,229,131,172,155
56,257,96,86,227,100
57,155,266,183
58,194,327,243,248,298,314,108,224
59,131,121,140,187
60,108,216,229,114,205
61,75,178,100,136
62,136,144,131
63,137,112,176,188
64,195,150,115,139
65,197,357,257,161,228
66,197,224,205,200,108,140,112,203
67,87,157,113,100
68,122,75,110,225,148
69,155,125,253,178,78
70,235,119,374
71,113,140,166,104,75
72,150,86,135,218,100
73,197,100,357,189
74,183,87,89
75,94,233,116
76,143,140
77,65,69
78,100,89,114,193,134
79,64
80,125,105,87,129
81,113,45,69
